40
0 235 181
1 292 365
2 2 682
3 910 582
4 77 352
5 997 885
6 602 652
7 675 807
8 960 51
9 263 74
10 992 57
11 358 659
12 685 96
13 97 849
14 527 208
15 870 966
16 162 430
17 351 455
18 349 461
19 947 567
20 192 982
21 230 568
22 914 2
23 475 651
24 968 726
25 399 7
26 493 919
27 253 531
28 878 747
29 754 631
30 843 605
31 441 52
32 976 230
33 480 728
34 261 628
35 974 943
36 513 243
37 833 936
38 909 287
39 145 265
40 455 289
41 95 475
42 67 483
43 264 969
44 672 669
45 89 204
46 820 376
47 492 655
48 610 934
49 841 811
50 146 122
51 108 901
52 701 966
53 52 639
54 485 895
55 255 116
56 183 314
57 515 554
58 243 976
59 378 802
60 918 967
61 32 490
62 581 215
63 559 97
64 218 823
65 767 241
66 894 712
67 641 105
68 246 515
69 737 809
70 788 988
71 993 494
72 715 963
73 984 78
74 889 871
75 54 509
76 619 298
77 442 498
78 114 237
79 518 975
80 201 638
81 591 773
82 795 15
83 434 333
84 309 40
85 111 443
86 419 641
87 29 676
88 191 728
89 996 633
90 49 669
91 802 644
92 979 512
93 526 299
94 192 211
95 886 406
96 596 855
97 853 401
98 179 28
99 609 125
100 444 945
101 352 175
102 466 424
103 52 815
104 570 785
105 637 609
106 905 462
107 215 630
108 215 64
109 318 792
110 919 365
111 276 88
112 28 83
113 490 893
114 761 555
115 316 17
116 346 103
117 220 188
118 83 902
119 35 757
120 842 57
121 305 515
122 527 163
123 240 891
124 735 554
125 610 437
126 472 125
127 741 918
128 997 1
129 264 586
130 704 886
131 124 42
132 495 966
133 928 832
134 827 953
135 990 142
136 669 222
137 672 243
138 313 728
139 995 978
140 947 956
141 397 216
142 92 912
143 233 246
144 493 243
145 744 610
146 72 729
147 106 452
148 597 315
149 644 335
150 277 926
151 832 946
152 679 75
153 624 928
154 54 582
155 277 980
156 518 531
157 862 590
158 155 352
159 713 511
160 486 161
161 867 400
162 227 488
163 310 485
164 605 789
165 216 746
166 85 868
167 861 308
168 940 805
169 341 775
170 94 67
171 180 951
172 354 388
173 46 460
174 821 931
175 622 753
176 935 838
177 50 136
178 408 476
179 241 642
180 534 724
181 562 70
182 183 918
183 445 730
184 670 423
185 196 430
186 323 409
187 615 170
188 212 868
189 8 95
190 206 332
191 28 133
192 236 397
193 849 4
194 445 496
195 940 616
196 362 273
197 971 795
198 361 250
199 32 695
200 923 522
201 884 801
202 82 772
203 466 621
204 661 832
205 444 160
206 453 747
207 513 545
208 906 372
209 998 396
210 924 823
211 535 306
212 276 375
213 786 648
214 755 381
215 293 117
216 16 89
217 736 495
218 964 255
219 804 887
220 815 109
221 628 269
222 391 425
223 205 648
224 643 569
225 641 154
226 641 735
227 23 993
228 248 263
229 936 269
230 866 694
231 283 245
232 878 604
233 660 864
234 496 990
235 505 100
236 195 255
237 890 513
238 373 517
239 784 598
240 656 860
241 58 255
242 672 528
243 413 457
244 431 503
245 925 32
246 542 132
247 578 770
248 854 548
249 238 1
250 237 65
251 752 491
252 846 333
253 264 244
254 357 842
255 636 781
256 461 779
257 755 368
258 898 127
259 49 989
260 63 613
261 809 950
262 896 256
263 98 981
264 900 485
265 872 484
266 458 816
267 700 696
268 564 540
269 141 946
270 481 71
271 30 733
272 564 722
273 630 826
274 797 436
275 50 613
276 213 715
277 481 206
278 296 346
279 656 933
280 699 719
281 733 354
282 681 798
283 330 10
284 269 458
285 794 381
286 53 17
287 798 524
288 945 235
289 140 405
290 345 235
291 326 112
292 609 831
293 6 245
294 732 158
295 583 676
296 103 777
297 297 228
298 105 10
299 472 690
300 879 728
301 131 566
302 172 55
303 372 53
304 883 47
305 915 81
306 559 375
307 222 34
308 555 104
309 162 758
310 729 535
311 978 103
312 42 830
313 321 295
314 211 690
315 285 181
316 614 623
317 262 81
318 214 147
319 353 421
320 629 768
321 119 262
322 285 847
323 166 828
324 468 222
325 734 317
326 161 29
327 5 414
328 9 157
329 716 65
330 324 971
331 697 455
332 313 574
333 577 352
334 160 923
335 151 815
336 345 555
337 83 198
338 959 131
339 819 272
340 328 33
341 63 246
342 650 90
343 332 165
344 206 892
345 636 599
346 318 641
347 387 8
348 922 82
349 806 261
350 910 635
351 466 557
352 616 716
353 961 98
354 391 507
355 48 601
356 447 345
357 319 625
358 528 168
359 114 694
360 495 637
361 93 339
362 79 750
363 927 836
364 348 297
365 641 324
366 378 75
367 548 465
368 450 182
369 206 564
370 248 739
371 900 894
372 763 58
373 672 841
374 568 440
375 355 603
376 679 643
377 697 631
378 511 238
379 446 855
380 125 193
381 521 794
382 986 18
383 685 346
384 959 18
385 639 471
386 79 40
387 490 651
388 770 112
389 663 648
390 864 883
391 762 498
392 292 896
393 921 883
394 987 195
395 177 379
396 832 43
397 249 299
398 234 71
399 269 623
400 312 417
401 755 838
402 823 670
403 678 346
404 127 944
405 446 207
406 289 898
407 119 360
408 825 325
409 601 565
410 638 46
411 761 361
412 254 872
413 973 561
414 725 945
415 366 445
416 916 606
417 174 375
418 312 432
419 177 510
420 652 764
421 118 158
422 849 818
423 812 681
424 846 817
425 305 505
426 581 561
427 481 557
428 508 57
429 665 966
430 808 675
431 65 212
432 584 271
433 609 989
434 818 367
435 288 724
436 739 125
437 517 611
438 911 163
439 53 504
440 730 178
441 291 912
442 379 82
443 36 57
444 996 703
445 262 407
446 756 713
447 402 955
448 916 512
449 434 978
450 553 485
451 122 649
452 243 427
453 6 987
454 369 280
455 333 142
456 608 554
457 125 71
458 202 262
459 375 446
460 360 586
461 838 329
462 778 290
463 780 90
464 829 615
465 606 375
466 777 885
467 135 118
468 360 988
469 76 490
470 428 991
471 652 54
472 889 791
473 838 303
474 769 138
475 449 718
476 308 677
477 834 81
478 65 705
479 981 179
480 675 831
481 531 17
482 419 233
483 475 894
484 670 984
485 895 451
486 674 82
487 895 748
488 598 644
489 104 627
490 599 788
491 618 655
492 631 880
493 478 372
494 538 488
495 946 230
496 262 874
497 650 728
498 739 583
499 490 710
500 177 271
501 594 862
502 886 586
503 447 321
504 433 754
505 4 258
506 22 972
507 13 438
508 870 374
509 879 271
510 514 504
511 627 247
512 254 764
513 585 190
514 40 319
515 83 623
516 751 727
517 40 647
518 626 730
519 912 854
520 25 641
521 186 919
522 185 720
523 292 629
524 151 551
525 109 431
526 402 605
527 154 817
528 526 440
529 648 874
530 485 833
531 745 528
532 417 55
533 353 407
534 692 924
535 111 620
536 15 656
537 448 759
538 370 491
539 82 475
540 389 168
541 165 517
542 156 411
543 424 652
544 564 811
545 259 148
546 883 356
547 634 905
548 711 759
549 729 615
550 245 371
551 961 16
552 882 889
553 877 347
554 371 451
555 975 717
556 783 865
557 844 507
558 894 966
559 226 668
560 242 87
561 305 772
562 73 294
563 589 264
564 992 741
565 805 206
566 651 832
567 713 676
568 60 91
569 782 167
570 831 458
571 571 710
572 707 634
573 201 298
574 580 725
575 6 852
576 704 506
577 348 311
578 718 234
579 932 807
580 662 53
581 474 207
582 75 768
583 630 206
584 209 896
585 557 618
586 941 921
587 759 267
588 610 663
589 140 73
590 364 843
591 654 388
592 65 799
593 543 682
594 60 37
595 41 620
596 792 34
597 376 496
598 128 960
599 294 463
600 744 955
601 597 604
602 162 131
603 901 471
604 406 713
605 61 26
606 111 685
607 701 287
608 767 846
609 81 460
610 251 347
611 764 735
612 296 557
613 210 229
614 71 907
615 192 893
616 175 454
617 834 131
618 793 784
619 399 361
620 390 618
621 190 926
622 949 898
623 788 346
624 238 203
625 366 704
626 799 692
627 760 421
628 491 322
629 820 86
630 466 653
631 810 308
632 359 372
633 563 89
634 975 534
635 927 582
636 26 641
637 384 19
638 713 835
639 996 234
640 306 661
641 801 463
642 805 95
643 261 356
644 901 757
645 135 525
646 167 308
647 471 672
648 236 724
649 599 811
650 39 361
651 833 503
652 568 21
653 290 918
654 459 730
655 727 475
656 538 511
657 716 705
658 515 121
659 160 807
660 691 771
661 960 767
662 104 193
663 981 227
664 640 624
665 632 66
666 557 639
667 677 895
668 124 744
669 75 663
670 212 290
671 8 554
672 228 178
673 854 27
674 518 656
675 55 874
676 959 262
677 228 322
678 822 927
679 303 796
680 385 766
681 297 694
682 563 155
683 896 517
684 672 600
685 930 426
686 187 11
687 605 552
688 360 941
689 848 165
690 946 733
691 749 991
692 338 159
693 767 565
694 957 213
695 630 33
696 317 56
697 364 177
698 841 794
699 307 19
700 339 727
701 605 0
702 543 487
703 608 534
704 626 153
705 816 477
706 409 746
707 510 804
708 345 520
709 955 691
710 373 762
711 338 107
712 284 879
713 586 114
714 825 18
715 104 414
716 886 225
717 785 520
718 496 8
719 151 206
720 143 753
721 396 811
722 484 842
723 636 554
724 645 858
725 320 963
726 251 40
727 67 435
728 573 293
729 239 393
730 595 940
731 615 707
732 260 117
733 593 915
734 505 18
735 272 827
736 271 794
737 727 153
738 644 226
739 83 550
740 614 825
741 403 482
742 942 557
743 684 628
744 655 704
745 104 261
746 110 777
747 70 823
748 280 333
749 951 2
750 128 648
751 609 541
752 734 166
753 763 402
754 326 615
755 21 629
756 91 61
757 130 576
758 292 167
759 246 707
760 121 253
761 407 140
762 272 198
763 539 599
764 645 753
765 656 743
766 971 450
767 849 584
768 331 73
769 178 819
770 738 336
771 134 163
772 369 774
773 160 519
774 319 617
775 878 125
776 393 185
777 225 588
778 355 796
779 796 591
780 664 943
781 18 935
782 779 223
783 242 652
784 886 831
785 90 707
786 936 451
787 475 423
788 352 105
789 247 195
790 765 933
791 69 298
792 23 79
793 390 652
794 513 181
795 499 360
796 740 298
797 586 73
798 336 294
799 911 793
800 545 842
801 201 511
802 797 957
803 173 20
804 140 538
805 251 578
806 353 908
807 20 600
808 862 183
809 399 968
810 801 671
811 615 240
812 657 49
813 357 791
814 630 15
815 437 293
816 878 272
817 791 448
818 878 910
819 969 145
820 515 875
821 490 727
822 15 227
823 101 371
824 820 948
825 977 585
826 351 671
827 727 43
828 37 858
829 608 117
830 321 472
831 832 880
832 418 151
833 986 512
834 607 105
835 94 809
836 325 562
837 411 368
838 502 389
839 13 873
840 648 61
841 970 833
842 385 473
843 838 615
844 98 95
845 369 481
846 436 446
847 311 818
848 483 314
849 275 502
850 469 828
851 980 200
852 268 74
853 302 883
854 30 217
855 154 333
856 291 37
857 367 489
858 611 469
859 77 300
860 90 652
861 437 557
862 253 113
863 773 376
864 818 937
865 392 88
866 615 350
867 766 309
868 98 252
869 432 535
870 862 532
871 470 426
872 289 891
873 384 802
874 26 682
875 108 845
876 309 844
877 26 302
878 347 313
879 295 749
880 447 224
881 624 652
882 558 923
883 134 362
884 979 212
885 581 257
886 673 747
887 134 399
888 727 235
889 604 957
890 314 16
891 923 73
892 797 56
893 916 977
894 699 515
895 136 518
896 66 681
897 956 663
898 365 851
899 748 296
900 498 609
901 727 970
902 89 621
903 379 916
904 923 44
905 826 509
906 16 445
907 853 731
908 663 538
909 434 392
910 921 306
911 119 104
912 803 517
913 674 786
914 612 307
915 995 697
916 564 763
917 381 258
918 98 216
919 768 211
920 74 331
921 170 350
922 562 400
923 433 453
924 31 752
925 99 468
926 397 870
927 55 91
928 84 624
929 368 302
930 281 248
931 378 875
932 301 753
933 602 74
934 500 188
935 509 941
936 901 738
937 394 718
938 985 479
939 115 187
940 240 512
941 575 881
942 559 156
943 651 428
944 942 629
945 582 900
946 84 335
947 569 328
948 727 261
949 47 432
950 700 544
951 241 572
952 591 374
953 164 962
954 331 145
955 552 586
956 190 248
957 542 519
958 395 910
959 392 649
960 328 271
961 800 169
962 776 126
963 189 197
964 121 980
965 363 758
966 303 232
967 111 902
968 148 603
969 911 662
970 351 691
971 182 253
972 462 621
973 85 668
974 235 953
975 174 950
976 118 46
977 795 485
978 3 676
979 234 101
980 363 953
981 647 744
982 156 766
983 699 72
984 416 101
985 915 99
986 534 619
987 9 239
988 949 923
989 863 488
990 357 79
991 969 441
992 584 793
993 588 757
994 649 727
995 168 911
996 104 974
997 523 204
998 139 305
999 403 896
